13.2288600747753
13.2288600747753
4.49820788530466
5.78970395216567
7.88266537904394
7.7997111218103
12.1221073362875
13.4892827699918
16.1735305877649
20.0422954916851
19.9983674802057
23.8460889376424
25.1521585279547
28.6704200952793
31.2212570260603
34.7819724904887
37.0988538681948
39.4230065168046
43.6689268867925
47.6719612788875
1.90331516397105
3.00187617260788
3.8297103630999
4.98800959232614
6.08759124087591
6.2819253438114
7.28625649220935
9.32960614985274
11.056140203765
12.326076280897
13.2566541325665
15.4059680777238
17.5312147355393
18.6377300388592
17.7250978686385
18.3633760417049
27.9120957148436
23.3616547113309
1.35434769581111
1.78685073676996
2.59600858710344
2.90679179258788
4.38898157921618
4.48665853988893
5.41152194894665
5.81045816404056
10.8891913664268
10.0028312570781
18.3555048777398
29.3401423863551
21.905344445294
36.1623522217693
25.0763368410427
23.1927634737347
27.7487571605219
36.0833822665884
0.91389918324758
1.09980350177435
2.04286503036691
3.65117153238943
5.59911894273128
7.70607339327928
8.62839983581412
10.1030794444924
15.8944501831158
18.9425432410363
17.1533331121213
24.7553301558763
19.3893231776575
33.9413790207441
41.0784957644959
28.7785163165102
30.130179528631
47.3526521802162
0.951125137805063
0.900415161481641
2.6772282091431
5.43574952152465
6.66195728957235
9.46845374305329
5.39932360411101
10.1094997850727
17.3999115684541
16.383524320859
19.8891988919889
22.0435184441051
25.8178062135221
21.4397421013749
0.482988759534324
1.18013897349592
2.38113860138523
1.6406290369809
3.65449001554466
1.93056517239582
5.69564385859091
5.42698001370149
5.14796625110188
9.66011743450768
10.7213469175147
10.8601905861328
8.92237824647816
14.3532688877634
13.9992401130891
15.8665353413399
