100
100
99.9519230769231
100
100
100
100
99.9599679743795
100
99.9666110183639
100
99.9706658844236
99.9411764705882
99.970614163973
99.9706055261611
99.9410551134689
99.9414862492686
99.9720904270165
99.9636627906977
100
100
99.9761791329204
99.9794997949979
99.9185667752443
99.9405469678954
99.9195171026157
99.9664429530201
99.983164983165
99.9560246262093
99.9411245216367
99.8678414096916
99.8830067271132
99.9706055261611
99.8103297344616
99.9267721148213
99.8608017817372
99.9520728492691
100
99.8883572567783
99.9517839922854
99.9182338511856
99.8506449422946
99.5368532486436
99.5236204843192
87.2654155495979
91.5297798636719
83.2647865256561
80.2037417964541
75.9470250267796
77.4575448811257
82.606149341142
73.9240260371126
81.4345991561182
74.0605379064755
99.8850574712644
98.8895382817066
83.9749759384023
84.2471042471042
70.1395730706076
69.6845555100369
67.3516527279968
66.3751987281399
57.1045576407507
58.8623359138337
48.1312243702402
51.8483690861005
50.4286553141515
48.5177575579689
46.5161290322581
51.6381850324101
51.2989690721649
48.9868088689307
73.5415153715807
60.8518086347725
45.5364715860899
48.367889420521
39.6165110745012
33.0837983757543
37.9072106344834
38.3866666666667
28.6928759698556
31.2135724096967
24.9139554516527
28.8479052823315
26.4749481174029
28.547059016501
27.6128905867372
28.5807931825631
27.0715905409783
25.4632229084784
40.3602994037299
32.8625170998632
26.3558173622058
26.8126520681265
20.5667668527265
19.7227608992315
20.1884410361919
21.2113461985585
18.4033896291603
17.877816020025
15.1188617039736
16.1078805238728
13.5498029999309
14.625785892688
14.9819927971188
14.7785467128028
15.0342117509178
15.0306493679087
