3.88730385164051
6.08810185862725
7.77591973244147
10.6951871657754
11.0544044095131
13.4593650467482
16.11681451211
19.1906005221932
20.6899344076443
22.2039743800296
26.2342973999416
30.46875
32.6206744544853
38.1900844338601
37.5907638687191
40.6193078324226
38.7078769273704
49.156711173577
1.92185658598495
3.03584491587418
3.28792320515031
4.62313365713258
5.53070353802359
6.65932305227318
8.07276007215875
9.73858797900782
11.1992476591569
10.8523598392243
12.8882824002586
15.2648428405122
18.6112142591905
18.543240666031
18.4186621125686
19.5809301306856
19.8327402135231
23.6434513243535
1.3524026090599
1.88973309955192
2.34991949704823
2.87342483345373
4.51270898464048
5.06324809575626
8.5232771566828
6.27930341594106
9.9847861610413
13.7942759988665
26.7327235772358
26.8343548920369
24.6786503313918
19.2354277062831
24.5094072425652
53.5795945327981
26.0347432024169
45.9295834057018
0.875607075755964
1.02978499956241
2.65094244531801
8.47011811123195
5.84320656324322
6.74454485342738
7.38150738150738
10.9468217520065
12.6035182173368
19.6290398126464
35.1240155166334
26.7974400853305
19.309952670045
26.2809663025081
36.8746628910464
46.0988451086956
41.7277253105308
42.7529377815541
0.771581849659093
1.07906611732392
2.3716505032863
4.44732297063903
4.68847954542423
9.81201037369489
6.9781687846204
5.75668197953644
9.14005474452555
11.1186637100099
16.026686286987
14.5272674424432
15.0727400421391
15.2435167615433
27.8705267309112
32.325343045066
21.7072634189265
28.2257043522297
0.861757636891197
0.968808334463088
2.29799851742031
2.60586885473889
3.36970331066438
2.6361608962058
4.0307874828816
2.82485042088722
4.29173948215069
6.89909081265249
7.84774121583937
10.6087620988283
8.71211488454193
8.73802372234768
10.5973233447375
9.25993092018994
14.0773453346144
20.6511746544587
3.88730385164051
5.97953216374269
8.11421772754313
9.46516962453217
11.8555646481178
12.9291900152827
16.7249126310534
20.8982496633968
20.7300736771601
26.3179605643099
26.1811023622047
29.4441185098269
31.0533807829182
32.2339808640186
39.5455873758036
39.3260073260073
44.0401230048323
45.8992404710473
1.91924678616694
2.99008168028005
3.96277394175923
4.51867562153882
5.80893682588598
6.22366617594802
8.41481481481481
10.0224494886505
11.0181664554288
11.6394066184861
12.697833856028
15.0998305459368
14.5304777594728
16.3780535504747
15.7742557292782
20.6543520239006
22.1040318748401
19.8813056379822
1.25999515386479
1.96475983586773
2.03918280225644
2.9126213592233
3.99033882160838
4.19151356382062
5.74689760435331
6.30046326935804
21.3170896025152
11.9203210088851
14.0901269358338
22.6475441045818
23.275530852181
48.9917389296526
33.4723169838021
26.8328408717832
28.3120954692557
31.434354404759
0.914689041737189
3.54249216393637
2.61677123792451
4.4356356155448
11.1351351351351
6.20704797453068
9.58499739538114
8.41133506115193
15.5826351865956
20.6844791353948
22.504006945372
21.2934232715008
25.201126307321
30.3230159399511
31.8489674338109
31.1337223801686
39.1166136857955
42.3837042240031
0.674737898490381
1.40944199812315
2.23279367758766
3.09763893821708
6.33256615269999
4.32706299441755
4.95112237509051
9.6806334889087
11.5734442633088
8.26519312296558
15.08652626237
10.1692714834973
14.9927496374819
13.8245816848211
15.6081982455431
18.2794490313088
20.0115414846727
34.4889741131352
0.8126925292394
1.42668620177271
1.2001246882793
4.18776325502627
2.13176258722893
5.36856264700799
3.55385657886984
4.46180491579762
5.88080449756507
5.36992840095465
6.41414338085993
9.78340148082661
7.85827350960895
9.50076614538735
14.7941657429459
13.5638556282685
10.6199773519259
11.4197172391219
