100
100
100
99.9517141477547
100
99.959250203749
99.9201277955272
99.9599037690457
100
99.9663978494624
99.970836978711
100
99.941348973607
99.9123575810692
99.9707773232028
99.9414005273952
99.9414348462665
99.9720436119653
99.9275887038378
99.9416569428238
99.9279538904899
99.9518536350506
99.9589153656532
99.8578968737312
100
99.9002394253791
99.9324095978371
99.9492900608519
99.825021872266
99.8821449616971
99.9267935578331
99.7363796133568
99.926964650891
99.8397435897436
99.8973305954825
99.9163179916318
99.9031007751938
100
99.8407389711738
99.967902423367
99.7824017407861
99.9310725117177
99.6022275258552
99.4184509648427
86.0606060606061
84.5712356515868
76.1625635013677
80.5539301735908
83.739837398374
80.3106261673056
78.2009644720008
85.3056043741457
85.5805791167008
80.6230001882176
99.8416126709863
95.9272300469484
83.5625596943649
82.3896353166987
60.0488003253355
69.4103194103194
68.9627553063676
69.1024120205615
55.8299319727891
54.8676716917923
49.404167889639
50.2310617139515
50.7302709069494
52.56402708272
52.8533801580334
44.7602339181287
49.6738172200999
45.2422290674881
72.4886661894536
60.6592549249074
43.9788053949904
47.2329888027562
36.4464382816748
41.6328188464663
40.2673350041771
34.1661099977733
31.8303273213093
31.0783107831078
26.2775157232704
28.7606711804533
29.2236550735965
28.3582089552239
26.7877113347806
29.1674860701409
28.8998996081479
24.6477116847487
41.2917271407837
28.9898675519591
24.4011849344054
24.2791510470983
23.0145555154577
21.247278903428
21.252901319954
20.7239092989783
17.9543753201214
18.4237501971298
14.1183342495877
15.8064516129032
15.3599558780442
13.4591541534647
15.3333104135868
14.853549216497
15.7171260112437
15.2010299069123
